% Solar
params.a11= 2;
params.a12= -1.106077443485865;
params.a13= -0.000106077443486;
params.a14= 0.424097619056487;
params.a21= 1;
params.a22= 0;
params.a23= 0;
params.a24= 0;
params.a31= 0;
params.a32= 0.5;
params.a33= 0;
params.a34= 0;
params.a41= 0;
params.a42= 0;
params.a43= 0.5;
params.a44= 0;

params.b1= 1;
params.b2= 0;
params.b3= 0;
params.b4= 0;

params.c1= 0;
params.c2= 0.1061;
params.c3= 1.0608e-4;
params.c4= -0.4241;

% Baterias
params.Ts=1;